2 0.210141 0.639995 0.183962 0.416441
2 0.830425 0.605439 0.101415 0.379227
2 0.726651 0.766700 0.176887 0.393404
2 0.597524 0.561137 0.123821 0.329609
2 0.497877 0.702018 0.209906 0.409353
2 0.346934 0.595693 0.148585 0.405809
4 0.200118 0.266970 0.109670 0.106325
4 0.345755 0.243047 0.110849 0.115186
4 0.495519 0.317475 0.099057 0.097465
4 0.584552 0.227098 0.093160 0.104553
4 0.723703 0.369751 0.100236 0.077972
4 0.812736 0.284691 0.084906 0.141767
0 0.830425 0.606904 0.113208 0.786192
0 0.706604 0.673357 0.167453 0.653286
0 0.606958 0.497342 0.109670 0.666306
0 0.491981 0.638801 0.176887 0.722397
0 0.348703 0.584174 0.159198 0.776175
0 0.208962 0.610448 0.224057 0.779104