2 0.206454 0.598261 0.187477 0.386087
2 0.342972 0.550435 0.140922 0.370435
2 0.487669 0.658261 0.196285 0.373913
2 0.734912 0.716522 0.149730 0.400000
2 0.601540 0.480870 0.129598 0.227826
2 0.814810 0.570435 0.135889 0.354783
4 0.817956 0.253913 0.086818 0.118261
4 0.726105 0.341739 0.101917 0.088696
4 0.587070 0.201739 0.098142 0.090435
4 0.498993 0.287826 0.103175 0.095652
4 0.346118 0.226087 0.104433 0.104348
4 0.207083 0.250435 0.118274 0.118261
0 0.210229 0.546087 0.220191 0.723478
0 0.363733 0.496522 0.157279 0.641739
0 0.475087 0.596522 0.201318 0.650435
0 0.605943 0.468696 0.120791 0.600000
0 0.719184 0.606087 0.181186 0.603478
0 0.834942 0.565217 0.120791 0.720000