2 0.144171 0.568696 0.173636 0.403478
2 0.400851 0.540000 0.153505 0.346087
2 0.532966 0.612174 0.145955 0.323478
2 0.651869 0.686957 0.109466 0.386087
2 0.778951 0.590435 0.157279 0.408696
4 0.751269 0.253913 0.132115 0.125217
4 0.664451 0.369565 0.099401 0.120000
4 0.537999 0.333913 0.105692 0.128696
4 0.414063 0.230435 0.084302 0.106087
4 0.143542 0.254783 0.119532 0.137391
0 0.185693 0.532174 0.254163 0.751304
0 0.398964 0.541739 0.179928 0.746087
0 0.542402 0.593043 0.134631 0.636522
0 0.656902 0.613913 0.101917 0.608696
0 0.770772 0.561739 0.168603 0.720000