0 0.106368 0.230458 0.089623 0.242166
3 0.436557 0.158861 0.077830 0.048433
3 0.813325 0.169390 0.109670 0.073703
3 0.903538 0.628454 0.042453 0.061068
3 0.132901 0.644247 0.076651 0.037904
1 0.469575 0.695839 0.014151 0.031587
1 0.538561 0.710580 0.012972 0.031587
1 0.816274 0.612660 0.047170 0.130559
1 0.770873 0.355753 0.088443 0.231637
1 0.120519 0.882202 0.077830 0.105290
1 0.293278 0.812711 0.055425 0.092655
4 0.134080 0.594761 0.088443 0.086338
4 0.436557 0.099899 0.080189 0.082126
4 0.817453 0.114639 0.115566 0.128454
4 0.917689 0.615819 0.075472 0.136877
0 0.868750 0.740061 0.246462 0.456958
0 0.823939 0.276786 0.284198 0.419053
0 0.447759 0.276786 0.178066 0.423265
0 0.506722 0.734796 0.097877 0.345350
0 0.165920 0.763224 0.300708 0.427476
2 0.441274 0.350489 0.146226 0.225320
2 0.815684 0.393657 0.196934 0.181098
2 0.870519 0.780071 0.117925 0.246378
2 0.503184 0.685310 0.041274 0.128454
2 0.134670 0.824292 0.150943 0.250590